king_boss_op.mp3::0
0 2527
2 2817
1 3115
3 3427
0 3827
1 4195
2 4539
1 4716
3 5052
0 5435
1 5803
2 6003
3 6331
0 6714
3 7075
1 7436
2 7595
0 7916
3 8300
0 8610
1 8810
2 9155
3 9547
1 9875
0 10219
2 10371
3 10731
1 11132
0 11444
1 11620
3 12019
2 12339
0 12692
2 13029
1 13052
3 13220
0 13242
1 13604
3 14036
1 14331
1 14491
0 14692
1 14851
2 15187
3 15380
1 15715
1 15883
0 16083
2 16267
1 16667
3 16836
0 17178
0 17356
2 17492
3 17692
1 18051
0 18243
2 18596
3 18748
0 18924
1 19283
2 19644
3 19995
3 20155
1 20323
0 20475
2 20844
1 21020
3 21379
3 21548
1 21722
0 21890
2 22236
1 22411
1 22771
1 22924
3 23131
2 23292
0 23684
1 23859
3 24052
0 24404
2 24406
0 24588
2 24590
3 24931
3 25106
1 25283
3 25461
3 25635
3 25811
1 25987
3 26163
3 26371
3 26547
1 26700
3 26867
3 27060
3 27245
1 27419
3 27563
2 27755
3 27908
1 28107
3 28267
2 28451
3 28627
1 28828
3 29003
2 29171
3 29355
1 29531
3 29708
2 29867
3 30035
1 30228
3 30372
0 30571
2 30739
1 30948
0 31091
2 31276
0 31451
1 31642
0 31811
2 31979
0 32164
1 32355
0 32531
2 32707
0 32883
1 33059
0 33226
2 33395
3 33554
1 33731
3 33931
2 34100
3 34267
1 34427
3 34619
2 34803
3 34987
1 35140
3 35316
2 35484
1 35667
1 35843
1 36012
2 36092
3 36195
1 36371
0 36539
2 36724
0 36907
1 37107
0 37259
2 37452
0 37644
1 37803
0 37996
2 38172
0 38339
1 38499
0 38683
2 38835
3 39035
1 39196
3 39390
2 39553
3 39762
1 39923
3 40107
2 40283
3 40459
1 40612
3 40819
2 40979
3 41155
1 41314
3 41508
2 41682
0 41867
1 42044
0 42243
2 42403
0 42580
1 42764
0 42939
2 43084
0 43275
1 43451
0 43611
2 43803
0 43971
1 44156
0 44322
2 44468
3 44676
1 44843
3 45045
2 45228
3 45396
1 45570
3 45754
2 45931
3 46100
0 46284
3 46627
2 46795
1 46963
0 47148
3 47315
1 47532
0 47885
3 48228
1 48570
0 48930
3 49260
0 49611
2 49748
0 49931
2 50115
1 50316
0 50459
1 50668
0 50852
3 51025
2 51212
3 51387
2 51540
0 51731
1 51910
0 52075
1 52260
3 52452
2 52620
3 52779
2 52979
1 53154
0 53316
1 53491
0 53676
3 53843
2 54019
3 54188
2 54387
0 54563
2 54739
0 54908
2 55099
3 55275
0 55436
3 55611
0 55769
1 55970
2 56138
1 56323
2 56491
0 56675
2 56859
0 57028
2 57203
3 57380
0 57523
3 57707
0 57851
1 58123
2 58307
0 58476
1 58652
3 58840
2 58986
1 59154
0 59338
3 59515
2 59659
1 59851
0 59995
3 61196
1 61667
2 61844
0 62027
0 62180
3 62355
2 62524
1 62693
0 62883
1 64130
3 64132
1 64475
2 64651
0 64803
3 65180
2 65347
1 65500
0 65708
1 66893
2 66894
3 67275
0 67421
1 67611
2 67780
0 67953
0 68146
3 68315
2 68491
1 69659
3 70036
0 70404
3 70804
2 70970
1 71154
0 71305
3 71507
2 71659
1 71852
0 72028
3 72227
2 72396
1 72572
0 72721
3 72930
3 73099
2 73283
2 73467
0 73650
0 73836
2 74012
2 74195
1 74355
0 74532
3 74708
2 74900
1 75051
2 75219
0 75412
2 75587
1 75755
2 75866
3 76090
3 76274
2 76460
2 76611
1 76795
1 76995
2 77171
2 77323
3 77500
3 77708
2 77843
2 78018
0 78211
0 78396
2 78571
2 78731
1 78941
1 79108
2 79292
2 79459
3 79635
3 79819
2 79995
3 80172
0 80174
2 80363
2 80539
1 80699
3 80701
0 80883
0 81076
2 81079
3 81427
3 81580
2 81764
1 82139
2 82476
3 82636
3 82986
2 83147
1 83338
1 83700
2 83868
3 84030
3 84412
2 84572
1 84970
1 85162
2 85323
3 85451
3 85811
2 85991
0 86132
1 86341
1 86523
1 86715
3 87075
3 87236
2 87428
1 87788
1 87939
2 88116
3 88292
0 88294
3 88620
0 88621
2 88803
3 88995
3 89340
2 89523
1 89682
1 90058
2 90235
3 90411
3 90771
2 90939
0 91115
3 91468
2 91470
3 91653
2 91655
1 91819
0 92011
3 92180
2 92380
0 92580
0 92730
0 92931
2 93106
0 93251
0 93442
0 93635
2 93787
3 93957
2 94307
1 94483
1 94659
0 94787
3 94956
3 95147
2 95300
1 95468
1 95644
2 95834
1 96034
1 96235
1 96418
2 96611
1 96763
1 96939
3 97107
0 97109
1 97467
3 97660
0 97989
2 98013
3 98338
3 98506
0 98699
1 98855
1 99067
2 99229
1 99412
1 99571
2 99747
1 99931
1 100123
1 100483
1 100660
2 100852
1 101003
1 101187
1 101364
2 101555
1 101699
1 101883
1 102052
2 102203
1 102227
1 102444
1 102596
3 102764
0 102779
3 102922
0 102946
1 103105
3 103265
2 103266
1 103434
0 103627
3 103963
2 103979
1 104372
0 104524
3 104698
2 104882
1 105026
0 105242
3 105370
2 105555
1 105723
0 105900
1 106076
3 106078
2 106236
1 106428
3 106430
0 106596
1 106762
3 106764
2 106973
1 107155
3 107157
0 107338
1 107507
3 107508
2 107699
1 107884
3 107885
0 108036
0 108420
2 108422
3 108923
0 109067
1 109260
2 109348
1 109412
3 109604
2 109794
1 109946
3 109948
0 110130
1 110300
3 110301
2 110490
1 110676
3 110678
0 110833
1 111018
3 111020
2 111204
1 111380
3 111381
0 111628
1 111747
3 111749
2 111907
1 112108
3 112110
0 112262
1 112451
3 112453
2 112604
1 112820
3 112822
0 113012
1 113380
3 113382
0 113828
2 113830
3 114508
0 114531
1 114859
2 114940
1 115036
2 115084
0 115227
